00001	null	86	70	69	225	75.00
00002	null	64	79	78	221	73.67
00003	null	76	61	78	215	71.67
00004	null	100	89	76	265	88.33
00005	null	53	66	89	208	69.33
00006	null	71	92	62	225	75.00
00007	null	66	63	91	220	73.33
00008	null	82	75	94	251	83.67
00009	null	80	67	67	214	71.33
00010	null	93	80	58	231	77.00
00011	null	77	96	79	252	84.00
00012	null	83	68	67	218	72.67
00013	null	86	71	96	253	84.33
00014	null	58	57	87	202	67.33
00015	null	80	55	81	216	72.00
00016	null	54	93	99	246	82.00
00017	null	74	80	92	246	82.00
00018	null	96	97	75	268	89.33
00019	null	83	89	72	244	81.33
00020	null	94	52	53	199	66.33
00021	null	73	53	54	180	60.00
00022	null	92	65	68	225	75.00
00023	null	83	97	74	254	84.67
00024	null	79	96	90	265	88.33
00025	null	95	58	67	220	73.33
00026	null	79	60	79	218	72.67
00027	null	65	93	77	235	78.33
00028	null	66	66	70	202	67.33
00029	null	87	79	59	225	75.00
00030	null	76	86	86	248	82.67
00001	null	86	70	69	225	75.00
00002	null	64	79	78	221	73.67
00003	null	76	61	78	215	71.67
00004	null	100	89	76	265	88.33
00005	null	53	66	89	208	69.33
00006	null	71	92	62	225	75.00
00007	null	66	63	91	220	73.33
00008	null	82	75	94	251	83.67
00009	null	80	67	67	214	71.33
00010	null	93	80	58	231	77.00
00011	null	77	96	79	252	84.00
00012	null	83	68	67	218	72.67
00013	null	86	71	96	253	84.33
00014	null	58	57	87	202	67.33
00015	null	80	55	81	216	72.00
00016	null	54	93	99	246	82.00
00017	null	74	80	92	246	82.00
00018	null	96	97	75	268	89.33
00019	null	83	89	72	244	81.33
00020	null	94	52	53	199	66.33
00021	null	73	53	54	180	60.00
00022	null	92	65	68	225	75.00
00023	null	83	97	74	254	84.67
00024	null	79	96	90	265	88.33
00025	null	95	58	67	220	73.33
00026	null	79	60	79	218	72.67
00027	null	65	93	77	235	78.33
00028	null	66	66	70	202	67.33
00029	null	87	79	59	225	75.00
00030	null	76	86	86	248	82.67
